   52 1981   30
    0    2   57    8   14    5 2021
  Regulert tilsig fra simulering                
    0    1   52    0
        165.632
        119.086
         99.758
        101.652
        274.702
        124.560
         78.691
         57.644
         47.659
         59.834
         48.282
         56.256
         69.125
        134.823
        292.576
        209.182
         94.973
         75.024
       1219.194
       1146.936
       1077.917
        753.475
        832.955
        586.281
        302.359
        281.299
        233.652
        477.430
        248.409
        226.092
        101.905
         31.447
         15.585
         17.278
        -36.030
         21.580
         13.796
        700.380
        797.625
        548.005
        417.888
        166.676
        140.412
        211.050
        205.189
        124.310
        347.057
        146.021
        126.745
         90.645
         66.437
         53.339
         42.633
         35.920
         37.205
         35.781
         36.097
         45.743
         76.297
         33.956
         46.044
         42.219
         57.026
         63.691
        132.470
        158.606
         97.774
        208.810
        318.366
        214.911
        390.337
        961.794
       1307.092
       1161.195
        799.975
        353.263
        289.473
        450.313
        370.368
        202.793
        114.116
         -2.974
        -38.011
          1.935
        139.929
        209.952
        484.576
        457.544
        317.644
        383.572
        850.451
        286.848
        110.757
        303.220
        241.957
        240.721
        232.613
        232.707
        220.481
        111.106
         95.611
        104.877
        155.305
        164.529
        199.818
        233.488
        161.572
        205.823
        115.311
         84.946
         74.692
         63.486
         61.908
        177.437
         86.626
         79.877
         56.191
         44.556
         43.964
        325.013
        566.338
        521.721
        923.695
       1068.288
       1159.438
        890.369
        749.923
        698.829
        685.024
        455.788
        449.220
        343.168
        318.749
        180.688
        226.625
         83.266
        120.843
         29.525
          4.889
        231.244
        599.990
        679.511
        219.672
        220.337
        494.345
        803.457
         88.366
         35.687
         28.300
         76.777
         58.316
         68.436
        210.432
        123.179
         65.212
        280.287
        280.488
        159.598
        100.721
         61.956
         54.030
         54.363
         35.180
         28.912
         22.388
         29.756
         19.833
         13.220
         14.019
         47.906
        102.996
        167.581
        521.522
        847.889
        524.248
       1532.244
       1166.740
        893.062
        546.213
        280.255
        269.485
        123.570
         70.568
         90.850
         24.238
        -16.826
         27.925
        -15.327
        -39.864
        -56.216
         28.265
         52.468
         53.732
        337.935
        241.130
        409.722
        612.588
        609.530
        506.188
        436.801
        146.147
        109.758
         80.253
        226.037
        238.501
        105.204
        125.638
        190.847
         65.893
         66.188
         47.995
         41.595
         43.043
         32.221
         24.973
         30.574
         36.779
         32.395
         23.982
         24.452
         21.001
         40.143
         31.551
        127.918
         82.571
        142.907
        717.887
       1149.868
       1301.522
        654.961
        440.421
        387.687
        258.271
        172.697
         75.215
        195.595
        352.349
         87.272
        303.496
        475.621
        318.075
        659.751
        390.147
        170.390
        272.775
        458.654
        246.499
        619.103
        406.061
        146.841
         71.318
         65.983
        220.118
         91.214
         34.946
         44.974
        239.337
        167.649
        212.508
        183.914
         53.528
         86.296
         53.453
         55.947
         40.294
         32.445
         29.373
         26.675
         23.837
         29.577
         23.483
         63.046
         51.768
         31.392
         24.797
         34.881
        221.453
       1115.867
       1435.293
       1124.467
        937.932
        700.681
        902.900
        609.539
        406.118
        182.875
         93.224
          3.277
        -16.374
          7.770
        292.480
        329.421
        464.397
        172.881
        324.458
        200.100
        171.682
        124.395
         92.601
        139.317
        134.265
        326.240
        505.407
        399.464
        373.809
        275.079
        206.226
        363.513
        416.863
        144.419
         84.550
         90.009
         71.483
         63.090
         57.546
         58.875
         52.943
         76.890
         47.234
         42.534
         33.676
         29.612
         26.374
         26.433
         51.483
         49.325
         64.120
        194.188
        676.976
        821.405
        460.987
        366.281
        591.558
        328.175
        560.902
        420.550
        374.066
        361.015
        245.748
         85.725
        106.564
         20.521
         75.184
        224.870
        127.730
        392.895
        213.867
        261.235
        497.944
        529.414
        287.338
        464.706
        782.014
        640.617
        210.786
        141.011
         77.889
        181.515
         94.504
         80.051
         71.570
         59.418
        204.126
        223.798
        163.259
        141.281
        122.336
         90.055
         94.866
        102.166
         83.129
         74.562
         57.146
         45.595
         36.506
         33.331
         39.062
        101.196
         98.030
        301.528
        219.105
        624.694
       1135.580
        853.531
        914.576
        801.811
        489.151
        350.738
        234.487
        214.004
        703.500
        455.142
        200.181
        498.626
        318.548
         85.868
        385.030
        410.735
        587.390
        251.639
        110.740
        288.282
        550.539
        335.074
        404.498
        152.476
        174.597
        157.808
        165.470
        167.579
        117.623
         85.968
         92.306
        139.625
         79.215
        361.880
        182.462
        286.640
        459.336
        307.881
        500.753
        503.493
        142.520
        108.584
        100.891
        215.691
        126.676
        115.484
        180.886
        110.365
        682.201
        581.834
        219.368
        483.870
        437.662
        756.544
        965.016
        392.292
        618.194
        639.422
        476.249
        402.035
        215.110
        184.895
        101.345
        160.137
        126.774
        142.746
        389.142
        332.326
        125.109
         86.059
         88.229
        221.844
        120.045
         91.969
        165.417
        509.345
        581.367
        571.880
        531.558
        124.759
         31.598
         51.466
         51.845
         33.988
         65.071
        212.384
         65.348
        159.511
        207.588
        216.577
        304.595
        420.531
        144.563
        480.600
        235.453
        149.978
        411.879
        493.004
        272.339
        278.265
        172.451
        265.956
        416.839
        940.535
        911.733
        556.491
        291.429
        431.530
        522.428
        401.694
        342.885
        157.680
        182.528
         40.416
         26.359
        102.411
        120.852
         80.807
        382.579
        230.443
        188.938
        398.917
        132.129
        529.756
        246.611
        515.616
        560.325
        236.723
        253.594
        373.637
        110.769
        218.882
        100.906
        146.702
        152.723
         87.843
        128.684
        209.109
        153.250
        105.802
         91.128
         80.184
         51.947
         38.500
         31.280
        104.820
         68.454
         53.827
        115.231
        201.582
        188.630
        350.019
        483.293
        226.754
        172.116
        347.976
        577.119
        570.412
        724.524
        767.469
        537.099
        690.273
        711.898
        537.597
        413.740
        490.611
        198.082
         89.677
         53.208
         91.688
        120.794
         12.938
        -16.332
         28.562
        176.262
        542.643
        419.133
        405.930
        182.043
        261.322
        113.089
        516.054
        215.669
        151.317
        200.376
        304.590
        154.933
        202.242
        168.312
        139.381
        547.746
        258.614
        170.873
         87.417
         70.706
        188.374
         92.708
        130.718
        106.402
        144.326
        104.270
        185.853
         78.049
         46.813
        225.077
        122.403
        283.393
        540.136
        521.914
       1062.598
       1337.391
       1286.989
        662.807
        332.069
        201.245
        147.088
         50.116
        120.310
        223.955
        304.203
        411.848
        384.432
        330.007
        308.615
        597.389
        350.455
        487.490
        288.784
        402.170
        137.241
        119.503
         91.694
         79.541
        155.550
        437.822
        144.547
        120.448
        468.176
        258.272
        276.188
        267.200
         93.824
         80.713
        125.416
        331.267
        151.425
        220.688
        195.418
        107.161
         82.412
         69.179
         50.864
        140.912
        206.342
         78.473
         59.927
         43.823
        140.210
        926.777
       1014.642
        857.154
       1234.920
       1095.809
        473.695
        464.656
        357.287
        292.404
        364.821
        327.870
        424.900
        264.455
        198.469
        521.701
        321.913
        144.051
         84.471
         50.321
         49.955
         31.977
        114.409
         93.889
        198.435
        352.649
        202.082
        136.536
         66.755
         66.580
         86.576
         30.500
         36.311
        163.506
         73.696
        209.140
         96.071
         66.636
         60.098
         78.585
        115.755
         84.558
         60.499
         42.859
         32.493
         29.853
         91.978
         72.252
         61.934
        184.525
        151.955
        121.050
        156.378
        849.499
        890.181
       1505.923
       1009.406
        754.905
        721.387
        648.959
        516.010
        610.544
        612.612
        408.704
        341.250
        168.450
        118.482
        236.328
        173.108
        132.761
        315.706
        356.988
        404.485
        368.124
        143.241
        242.127
        194.099
        157.917
         79.485
        442.351
        250.604
        181.238
        256.630
        385.323
        223.918
        187.036
        296.658
        275.936
        145.098
         79.185
        101.011
        164.041
         96.850
         92.368
        142.291
        118.813
         97.870
         87.100
         75.619
         71.643
         87.717
         87.401
         98.970
        155.409
        143.783
        524.211
        559.655
        509.756
        279.458
        682.543
       1429.378
       1010.886
        925.231
        692.570
        523.455
        345.483
        380.078
        415.152
        254.817
        155.184
         66.840
         26.894
         13.931
        -10.610
        198.610
        355.295
        338.647
        481.818
        740.320
        244.769
        504.375
        444.080
        148.519
        111.735
         68.457
        319.737
        146.632
         63.701
         63.048
         32.002
         18.879
         12.534
         28.315
         20.838
          8.218
          3.875
          1.457
          8.062
          8.458
          8.790
          4.759
          1.667
         -0.891
         -1.411
         12.980
         85.842
        525.261
        646.710
        306.495
        418.354
        335.639
        354.079
        281.011
        341.976
        283.059
        108.615
         13.727
        189.173
         49.783
         -7.853
        -15.047
         66.658
         56.092
        -14.193
        126.128
        208.515
         71.046
         28.412
         12.809
        310.451
        557.534
        425.455
        463.090
        408.632
        759.034
        316.280
        206.283
         93.602
         72.311
         83.807
         56.213
         40.180
         27.088
         16.025
         88.620
        112.263
         43.924
         48.503
        113.786
         64.992
        193.576
        201.315
        109.691
         93.804
         58.531
        164.635
        145.869
        137.991
        133.737
        109.093
        439.997
        435.254
        857.512
        693.867
       1006.536
       1451.349
        800.471
        584.807
        539.987
        327.640
        210.967
         88.853
         76.595
         55.114
        -12.349
        -40.990
         59.822
        705.623
        466.208
        660.566
        272.827
        107.562
        442.653
        345.693
        339.955
        151.453
        116.101
        294.444
        234.738
         77.094
         62.719
        233.377
        205.386
        105.878
         47.498
         84.696
        362.644
        236.612
        120.294
         69.569
        192.540
        499.095
        649.306
        278.578
        112.347
         80.666
         62.424
        434.949
        215.805
        111.282
        125.369
        758.179
        864.377
        831.575
        713.677
        289.391
        459.013
        529.042
        344.708
        316.040
        770.584
        233.808
        141.271
        246.727
        226.824
        245.206
        199.490
        324.296
        206.783
         48.725
        250.413
        637.312
        206.612
        130.450
         90.952
        152.765
        273.033
        778.208
        221.916
        125.276
         88.514
         81.194
         71.531
         58.748
        107.220
        243.659
        126.863
        142.018
         96.527
        222.066
        155.422
        207.513
        267.056
        103.433
         74.794
         78.009
         63.950
         66.421
         78.130
        198.097
        439.807
        651.877
        247.533
       1051.458
        643.370
        504.240
        685.381
        998.618
        962.110
        887.629
        653.048
        502.971
        487.848
        289.598
        207.174
        255.710
        166.728
         42.105
         30.161
        412.541
        169.808
        147.843
        125.813
        130.678
        490.970
        442.555
        313.147
        284.097
        168.687
        274.651
        434.645
        191.203
         86.851
        157.591
        490.339
        236.587
        133.584
        103.587
        138.323
        147.940
        122.622
        137.146
         83.490
        131.911
        233.393
        109.062
         83.568
        127.801
        161.831
        112.984
        157.592
         83.009
         94.242
         99.561
        432.230
       1149.339
       1437.430
        823.605
        865.651
        479.871
        367.383
        244.553
        380.591
        377.699
        302.242
        206.596
        211.955
        122.443
        194.270
        101.910
        100.715
        362.987
        213.777
        213.575
        246.429
        178.652
        227.371
        354.767
        270.044
        657.806
        418.090
        284.959
        224.237
        110.605
        110.478
         31.274
        118.383
        169.932
         36.864
          5.534
         68.368
         65.069
         55.293
         40.830
         67.879
         55.443
         45.587
         52.927
         46.048
         33.727
         35.238
         47.488
         21.691
         16.656
        123.762
         58.055
         44.450
        175.424
        310.771
        858.354
       1078.966
        867.580
        727.562
        597.860
        467.003
        617.957
        568.515
        413.356
        494.185
        259.188
        119.997
        102.417
        173.525
        201.739
        176.686
        133.008
        120.803
         97.869
        182.136
        266.431
        783.730
        537.386
        173.846
        329.148
        362.209
        108.570
        142.655
        105.041
        160.850
        148.853
        153.106
         75.943
         57.892
         80.479
         70.758
        198.542
        151.915
        371.279
        206.677
        104.247
         77.204
         58.037
         95.971
         64.507
         65.135
         84.437
        277.983
        178.948
        329.820
        630.809
        699.977
       1322.210
        913.288
       1175.452
        645.048
        495.255
        311.424
        312.207
        331.071
        214.752
        482.538
        136.091
         79.317
         20.097
         12.479
          2.126
          5.108
         32.075
        241.025
         59.343
         25.552
         42.610
         54.912
         23.600
         17.541
        351.432
        137.286
        180.031
         86.149
         52.248
         50.417
         41.675
         34.976
         29.995
         25.271
         22.406
         78.891
        235.341
        186.650
        115.587
         72.382
         49.827
         40.711
         33.819
        107.823
         85.692
         69.246
        109.085
         83.781
         72.344
        329.674
        490.570
        629.366
        687.920
        761.162
       1225.946
       1081.652
        914.439
        476.230
        598.627
        371.438
        167.206
         43.235
        330.424
        433.952
        111.705
         17.402
         -7.625
         96.469
          5.835
        349.071
        277.847
        525.819
        467.081
        248.632
        266.868
         84.271
         79.076
        268.243
        197.823
        155.841
        130.302
        280.192
        143.606
        141.953
        175.340
        285.188
        130.843
         98.721
         69.849
         55.353
        187.590
        253.209
         82.552
         52.056
         40.096
         26.895
        198.266
        132.318
        101.841
        164.339
        183.777
        999.566
        783.390
       1309.482
        883.616
        413.265
        203.398
        178.124
        264.996
        190.566
        287.200
        199.922
        119.937
        150.730
        182.137
        106.630
         49.959
         16.531
        129.616
        315.621
        755.842
        170.995
        450.282
        594.429
        177.281
        721.952
        185.464
        226.916
        316.937
        160.665
        297.954
        399.995
        229.827
        152.037
        264.654
        313.584
        220.640
        226.548
        474.764
        493.179
        175.423
        122.198
         87.717
         96.226
         71.812
         47.707
         37.901
         31.205
         78.691
         85.421
        155.944
        232.909
        246.535
        351.467
        312.500
        641.338
        372.475
        467.275
       1237.060
        763.174
        572.709
        723.258
        546.750
        274.783
        401.098
        192.468
        174.960
         62.497
        119.905
         88.271
         23.080
         93.971
        189.093
         95.425
        250.718
        189.136
        349.966
        441.587
        271.833
        138.053
        406.276
        868.214
        660.301
        212.240
        -18.590
         71.705
         59.267
        209.574
        148.918
         85.320
         50.429
        169.024
         82.011
         59.824
         43.270
         82.350
         51.572
         48.309
         42.710
         28.171
         18.623
         16.000
         44.354
         45.821
         67.599
        110.242
        278.909
        983.961
       1186.256
        777.892
        690.985
        494.709
        492.348
        372.523
        447.312
        123.397
         10.231
        132.424
        -13.921
        -47.519
        -15.991
        -49.288
        -45.579
         33.749
        850.780
        376.304
        103.041
        106.648
        219.622
        403.568
        344.516
        218.387
        405.550
        468.161
        505.534
        514.927
        404.977
        477.552
        266.205
        317.388
        145.503
        216.454
        236.816
        212.143
        107.590
         86.710
        142.290
         78.720
         61.735
         54.127
         54.019
        133.676
        239.679
        119.791
        153.271
        138.627
        293.390
        318.889
        956.046
        797.040
        461.856
        710.569
        745.290
        775.332
        389.830
        238.889
        219.632
        276.171
        415.911
        280.516
        347.083
        293.786
        200.275
        125.544
        560.899
        208.131
        122.938
        110.774
        285.297
        352.262
        340.537
        138.532
        134.029
        163.822
        217.638
        324.722
        217.993
         97.658
         74.152
        203.520
        360.495
        100.984
         49.294
        278.478
        109.752
        150.207
        217.263
        163.777
        132.565
        113.341
        120.726
        260.870
        140.064
        137.474
         88.358
         57.221
        104.731
        114.088
         78.462
        132.740
        740.064
       1457.619
       1120.418
        618.396
        611.792
       1047.931
        601.706
        306.162
        657.483
        294.497
        339.837
        293.686
        289.057
        114.507
         69.102
        274.526
        217.075
        107.687
        246.157
        396.905
        183.424
        104.252
         82.870
        300.036
        365.183
        521.816
        732.959
        137.061
        288.611
        396.265
        134.283
        206.546
         77.833
         66.653
        224.116
         85.898
         48.346
        378.585
        139.058
         96.155
         59.364
         46.737
         38.690
         62.615
         57.400
         58.408
         70.681
         65.477
         90.913
        339.678
        788.610
        599.416
        867.971
        722.924
        418.226
        521.732
        640.105
        449.963
        242.547
        281.175
        375.628
        149.827
        160.946
        217.660
        506.321
        359.814
        514.604
        132.035
        278.268
        322.587
        434.495
        322.901
        118.322
        184.503
        204.945
        272.642
        146.294
        147.322
        132.794
        264.563
        230.254
        370.319
        753.955
        182.544
        102.511
         76.469
         76.239
         65.821
         42.201
         30.945
         25.437
         20.443
         17.805
         13.581
         10.835
         12.087
         14.074
         14.692
         19.107
        123.696
        137.028
        129.249
        277.849
        234.653
        639.434
        610.789
        433.254
       1226.557
        639.599
        344.398
        331.985
        273.224
        132.320
        108.376
         46.499
        208.208
        308.921
         73.074
        110.179
        256.891
        254.894
        634.510
        161.407
         62.823
        316.420
        297.497
        198.336
       1003.095
        178.865
        131.539
        295.238
        473.105
        121.328
         83.650
         39.509
         34.997
         34.929
         32.747
         30.017
         24.990
