   52 1981   30
    0    2   57    8   14    5 2021
  Uregulert tilsig fra simulering               
    0    1   52    0
         37.198
         42.121
         28.787
         35.143
        122.611
         58.339
         22.933
         15.714
         12.878
         16.082
         14.850
         26.519
         33.144
         64.365
         97.281
         41.896
         16.892
         33.023
         95.673
         93.349
         84.439
        104.796
         82.296
         72.543
         85.428
         83.348
         85.371
        106.158
         88.356
         98.982
         60.741
         75.557
         77.205
         73.098
         72.732
         13.104
         13.652
        234.678
        307.366
        339.751
        324.120
        191.143
        140.823
        209.127
        180.779
        115.476
        287.444
        135.766
         89.011
         35.498
         23.548
         19.122
         16.133
         13.425
         16.407
         16.059
         14.910
         24.461
         58.953
         17.766
         36.388
         29.100
         50.965
         41.774
         64.109
         89.315
         50.814
         66.411
         74.787
         54.912
         64.047
        113.945
        165.766
        216.268
        151.448
         85.179
         83.388
         99.066
         93.063
         69.478
         69.902
         71.771
         72.398
         79.225
         89.869
        102.219
        174.694
        151.257
         97.003
        136.322
        317.853
        240.174
        165.258
        220.207
        245.064
        242.587
        227.011
        237.867
        317.627
        187.521
        125.740
         65.156
        104.640
        103.253
        165.677
        217.510
        158.709
        221.553
        108.769
         36.342
         18.725
         15.084
         16.536
        129.641
         60.683
         53.321
         28.206
         22.326
         26.978
         98.190
        128.954
        138.351
        225.664
        235.002
        313.155
        309.105
        333.580
        289.226
        248.818
        231.513
        242.195
        149.058
        128.300
         73.731
        102.467
         54.213
         82.581
         50.372
         44.878
         59.130
        162.284
        262.710
        133.952
        109.691
        182.450
        484.915
        648.186
        597.403
        416.348
        120.460
         98.863
         42.165
         99.896
         56.796
         32.598
        152.403
        127.580
         85.006
         35.533
         18.781
         20.479
         21.285
         14.883
         12.792
         13.084
         20.957
         14.296
         12.546
         12.048
         26.402
         68.559
         71.495
        120.739
        129.135
         71.190
        175.825
        245.046
        247.503
        209.686
         97.939
         59.036
         51.874
         63.413
         59.225
         54.428
         60.282
         77.607
         77.207
         72.762
         76.231
        104.688
         21.407
         20.937
         79.327
         51.309
         96.560
        182.084
        279.900
        326.484
        377.421
        185.399
        143.101
        184.437
        248.036
        250.221
        143.297
        148.859
        230.358
         77.634
         29.416
         17.231
         15.805
         17.105
         14.279
         13.222
         15.917
         19.604
         16.815
         24.043
         16.402
         17.461
         34.760
         26.090
         76.706
         54.815
         47.108
        115.968
        121.943
        120.147
        156.360
         84.908
         79.184
         70.547
         77.177
         80.193
         69.515
        106.127
         56.173
        128.314
        189.257
        116.673
        245.106
        180.416
        107.655
        156.013
        214.307
         89.008
        247.857
        222.521
         62.589
         22.185
         21.677
        132.808
         35.504
         30.473
         14.567
        107.128
        126.568
        164.571
        111.421
         20.934
         39.842
         22.086
         24.783
         13.976
         11.683
         10.884
         10.725
         10.782
         14.349
         13.239
         49.358
         40.802
         25.483
         19.816
         16.366
         66.477
        143.571
        158.547
        168.571
        249.177
        223.984
        246.950
        195.002
         91.321
         51.402
         50.278
         74.567
         74.177
         73.594
         92.140
         80.539
        151.903
         70.399
        111.831
         66.085
         48.317
         59.770
         44.326
         58.767
         49.486
        147.798
        242.454
        305.952
        405.440
        338.348
        304.744
        421.203
        520.947
        262.205
        102.355
         35.097
         20.891
         16.920
         14.876
         17.870
         20.045
         54.467
         19.889
         14.499
         12.756
         11.850
         11.674
         11.816
         34.288
         38.121
         44.739
         83.446
        139.519
        122.206
         55.678
         77.647
        112.230
        105.839
         86.037
         67.535
         61.254
         64.280
         73.286
         67.549
         76.393
         75.794
         67.941
         89.907
         70.784
        115.636
         77.422
         64.439
        118.600
         94.158
         62.275
        104.223
        327.628
        400.439
        244.065
        199.856
         98.214
        168.182
        166.455
         58.182
         24.271
         17.597
         60.160
        102.381
        113.968
        106.360
        106.300
         63.472
         77.484
         79.828
         55.551
         35.403
         25.403
         20.867
         16.835
         18.410
         32.246
         75.886
         60.956
        105.591
         56.109
        125.148
        221.406
        220.324
        281.388
        306.753
        235.713
        125.760
         53.277
         58.745
        216.885
        287.202
        177.715
        312.972
        226.508
         77.348
        173.738
        219.950
        313.633
        213.932
         80.153
        129.854
        234.140
        191.947
        281.178
        122.453
        109.700
         74.580
         77.294
         90.914
         73.797
         45.645
         36.404
         82.111
         55.054
        172.764
         86.763
        193.223
        230.866
        158.245
        250.267
        378.766
        175.604
         97.840
         67.784
        152.856
        130.795
        121.501
        124.468
         90.159
        283.934
        184.597
         74.730
        104.557
         99.626
        143.290
        135.344
        126.893
        134.911
        223.390
        231.777
        286.392
        187.671
        109.204
         66.100
         88.044
         68.593
         79.377
        153.003
        135.731
         79.981
         27.285
         21.995
         54.941
         35.523
         21.858
         51.376
        122.474
        209.976
        264.500
        376.946
        293.379
        107.957
         26.865
         25.017
         14.001
         55.585
        122.551
         37.825
        107.019
        144.544
        143.008
        250.456
        266.567
        141.163
        298.492
        183.081
        140.948
        240.836
        261.557
        173.645
        160.874
        141.311
        145.388
        157.908
        250.366
        334.333
        340.645
        328.194
        311.678
        321.340
        329.341
        556.882
        618.853
        720.693
        615.958
        392.491
        158.160
        116.956
         72.406
        138.115
        100.313
         75.658
        146.062
         34.178
        152.505
         83.744
        193.753
        201.100
         80.246
         98.737
        216.315
         80.477
        107.816
         71.837
         53.019
         74.193
         37.238
         50.694
        140.721
        107.224
         60.531
         53.828
         47.055
         20.888
         15.140
         13.226
         62.245
         39.554
         29.174
         77.070
        117.908
         87.059
        170.553
        160.397
         58.319
         29.291
         48.768
         95.386
        110.909
        136.013
        148.378
         83.743
        101.463
        115.746
        109.066
        115.121
        150.808
         81.046
         53.439
         55.245
         91.811
        102.772
         80.416
         73.742
         12.548
         60.893
        160.807
        144.123
        153.581
         46.019
        111.729
         29.844
        180.200
        163.906
        134.618
        164.606
        214.675
         75.156
        104.378
         98.254
         85.641
        299.295
        200.083
        117.592
         36.911
         24.453
         76.434
         54.243
         78.126
         63.577
         91.675
         62.560
        110.896
         38.769
         19.647
         60.290
         28.642
         56.818
         82.144
         65.061
        102.026
         79.834
        101.953
        155.719
        117.420
         53.949
         53.255
         83.526
         70.132
         63.671
        106.938
        165.547
        140.737
        116.791
        106.363
        219.225
        146.951
        217.124
        111.283
        154.967
         42.098
         24.364
         24.383
         23.706
        106.722
        183.508
         67.756
         94.152
        278.372
        232.781
        250.311
        228.487
         65.885
         24.768
         60.735
        179.123
        122.804
        142.495
        134.427
         78.085
         38.389
         20.374
         17.666
         83.701
        118.268
         29.178
         26.259
         20.994
         32.965
        152.925
        167.812
        164.442
        248.103
        332.798
        269.763
        226.682
        191.868
        128.655
        123.528
        135.237
        157.688
         92.086
         78.512
        166.715
        122.296
         67.056
         64.835
         51.111
         18.119
         12.410
         19.160
         19.744
         41.376
         83.949
         76.239
         52.911
         22.362
         43.124
         65.003
         38.062
         17.032
        115.437
         35.395
        126.636
         32.194
         21.539
         34.462
         52.282
         58.778
         37.832
         21.114
         14.912
         13.116
         12.582
         86.686
         55.196
         40.432
        122.734
        111.298
         88.258
         63.115
        172.458
        202.907
        215.124
        185.887
        237.708
        257.714
        311.519
        244.046
        229.861
        214.565
        169.530
        105.713
         64.635
         60.080
         94.941
         78.978
         60.411
        105.406
        128.365
        137.198
        158.330
         62.290
         66.393
         55.449
         51.466
         25.456
        138.261
        121.303
         59.741
        148.730
        186.184
         77.934
        118.052
        196.376
        239.577
        159.749
         67.730
         52.521
        134.747
         92.874
         70.453
        104.638
         97.618
         90.765
         65.037
         35.771
         34.578
         56.881
         49.314
         62.981
         99.732
         53.269
        112.764
        145.896
        165.950
        141.638
        183.675
        261.950
        315.979
        391.314
        376.013
        250.008
        157.328
        131.993
        151.345
        118.732
         71.093
         50.506
         45.164
         44.242
         56.546
         33.255
         87.540
         96.367
        175.644
        298.701
        170.598
        278.625
        412.370
        182.855
         79.795
         31.748
        139.727
         60.531
         23.074
         33.384
         15.283
         13.052
         11.168
         20.028
         18.803
         12.721
         11.206
         10.609
         11.295
         11.321
         12.362
         11.121
         10.407
         10.056
         11.039
         17.021
         43.133
         79.511
         93.951
         46.721
         38.677
         59.896
         80.246
        135.817
        106.259
        100.864
         82.922
         86.648
         97.068
         84.347
         75.310
         62.840
         77.226
         58.996
         55.359
         59.587
         69.193
         17.901
         11.686
         11.300
         86.907
        153.682
        110.390
        120.706
        120.852
        291.240
        280.819
        162.166
         80.288
         23.843
         53.707
         31.350
         19.229
         14.870
         11.747
         30.506
         47.280
         21.631
         32.668
         91.557
         44.707
        149.123
        149.172
         72.342
         44.789
         20.301
        101.998
         77.015
         61.776
         30.877
         21.608
         54.905
         49.858
         81.394
         76.487
        119.719
         85.767
         95.119
        122.310
        127.395
         90.781
         82.711
         75.045
         76.709
         84.589
         76.288
         75.837
         70.919
        131.247
        200.244
        236.561
        138.161
         25.176
        111.139
        121.032
        124.351
         46.978
         49.932
        165.275
        148.424
         77.289
         25.171
        106.794
        101.783
         39.978
         31.447
         76.428
        134.620
        114.058
         47.266
         21.703
        100.854
        164.021
        235.596
        110.936
         34.677
         32.125
         31.494
        123.485
         59.513
         43.932
         44.232
        126.038
        137.883
        129.931
         85.986
         98.860
        112.929
         97.460
         72.173
         76.049
        157.213
         71.628
         74.540
        129.491
        130.613
        123.514
        113.426
        181.649
        121.988
         50.363
         61.546
        202.676
         75.137
         49.897
         29.919
         36.140
        112.645
        332.978
        204.482
         87.911
         42.936
         58.542
         35.260
         25.423
         44.275
         98.030
         92.111
        110.149
         44.335
        130.862
        100.496
        109.059
         70.959
         44.062
         29.545
         40.848
         26.927
         28.641
         43.524
        122.791
        172.012
        196.724
         58.233
        165.014
        121.571
        121.472
        157.040
        254.212
        302.911
        378.954
        350.131
        306.938
        339.388
        238.974
         67.206
        122.344
         92.105
         50.717
         46.005
        109.140
         51.594
         64.101
         35.350
         38.859
        151.840
        232.087
        275.963
        249.928
         66.139
        135.039
        405.108
        247.051
         97.963
        128.904
        417.294
        307.768
        153.273
         85.660
        155.131
        173.411
        157.155
        134.503
         55.949
         94.703
        165.095
         92.725
         33.015
         87.229
        117.574
         60.241
         86.902
         36.213
         51.034
         62.340
        166.330
        248.975
        253.859
        295.963
        305.437
        339.649
        400.918
        317.838
        280.565
        290.803
        272.593
        204.097
        241.661
        115.204
        109.162
         75.213
         55.685
        115.240
        106.214
        109.257
        112.546
         77.034
        114.321
        186.007
        134.997
        330.708
        427.793
        460.460
        574.080
        455.971
        453.029
        448.103
        509.756
        629.001
        646.955
        367.117
         82.338
         66.225
         39.502
         20.905
         63.511
         31.402
         22.109
         34.624
         27.174
         16.121
         20.382
         33.380
         16.531
         17.185
         98.437
         51.160
         29.517
         78.105
         88.901
        122.564
        172.366
        127.438
        176.505
        105.556
         93.384
        109.700
        112.001
         92.830
        124.542
         78.901
         51.272
         68.390
        107.914
        132.293
         90.870
         83.193
         46.318
         31.955
         48.893
         84.309
        316.669
        475.401
        296.366
        373.497
        476.627
        289.490
        124.055
        130.797
        173.027
        151.080
        119.762
         34.651
         21.006
         24.887
         31.017
        128.431
        119.909
        203.929
        170.980
         93.106
         39.459
         21.952
         75.532
         36.696
         32.502
         33.703
         94.646
         47.425
         45.574
        100.210
        168.377
        160.019
        212.723
        282.381
        290.387
        297.158
        218.796
        177.077
        237.081
        180.528
        378.225
        100.284
         37.071
         48.323
         47.097
         42.986
         43.492
         52.781
         59.726
         20.004
         12.132
         12.596
         16.441
         14.466
         13.275
        170.183
         70.522
         95.698
         37.472
         36.094
         25.207
         20.903
         13.461
         11.900
         12.361
         11.351
         43.524
        152.979
        123.847
         47.962
         36.059
         20.940
         13.993
         12.247
         65.907
         56.050
         32.660
         55.973
         48.344
         34.136
         55.106
         71.671
         79.757
         94.855
         97.533
        132.667
        142.606
         93.147
         66.359
        126.977
         99.541
        107.195
         82.721
         75.957
        154.078
         61.753
         42.670
         71.048
        112.959
         70.380
         48.053
         73.481
        154.861
        147.958
         98.347
        118.452
         24.872
         15.125
        111.090
         56.999
         63.469
         94.738
        188.173
         78.554
         82.934
        100.989
        184.801
         55.353
         67.455
         30.781
         28.238
         73.433
        128.929
         29.920
         17.644
         15.183
         12.978
        111.007
         83.266
         51.475
         96.221
         71.637
        157.099
         93.162
        139.140
        226.354
        114.883
         50.411
         99.841
         60.288
         60.066
         81.499
         99.887
         81.935
         68.374
         63.612
         71.845
         69.250
         73.401
         92.872
        139.941
        194.328
         56.410
        200.092
        275.849
        109.067
        364.692
        180.665
        216.455
        295.225
        191.362
        240.933
        229.507
        161.549
        108.149
        159.805
        189.391
        145.036
        148.032
        344.061
        356.255
        254.100
        111.049
         54.060
         64.177
         34.029
         17.872
         14.411
         13.930
         36.401
         39.896
         71.160
         99.421
        108.723
         55.239
         37.420
         67.726
         45.635
         75.840
        134.832
        149.355
         82.241
        149.869
        146.153
        102.286
        120.444
         82.144
         66.110
         50.095
         58.196
         53.451
         53.295
         89.556
        122.227
         34.530
        129.315
         81.636
        127.940
         99.842
         49.122
         39.912
        164.743
        303.617
        503.909
        585.600
        255.689
         74.615
         35.743
         98.298
         61.125
         34.638
         14.997
         95.269
         37.361
         22.017
         16.087
         48.657
         26.280
         20.570
         19.150
         15.049
         13.113
         13.364
         32.791
         42.227
         63.284
         63.010
         93.386
        161.855
        165.190
        125.405
        171.765
        139.483
         81.393
         65.372
         74.588
         82.170
         81.880
         82.669
         69.237
         73.468
         77.421
         73.777
         74.638
         75.411
        164.740
        108.974
         25.042
         18.593
         41.062
        161.717
        124.608
         67.404
        218.669
        262.831
        240.792
        338.469
        469.538
        537.646
        536.944
        554.570
        324.494
        205.255
        274.686
        417.969
        316.863
        114.448
        114.522
         46.991
         22.902
         18.053
         20.275
        121.025
        158.174
         72.529
         67.745
         63.280
        113.867
         69.551
        121.209
        107.187
         67.771
        108.518
        128.290
        284.430
        290.103
        216.718
        194.019
        178.301
        354.843
        291.896
        315.290
        237.413
         98.679
         79.411
        237.803
        100.499
         92.082
         51.762
        137.527
        126.088
        111.353
         37.036
         31.499
         44.104
         64.352
        129.561
        113.984
         37.200
         58.801
        126.531
        176.853
         38.801
         16.510
        137.938
         41.334
        108.720
        152.796
        151.551
        135.852
        113.985
         83.046
        186.833
        145.497
        161.329
        106.540
         37.320
         81.833
         77.769
         53.388
         38.808
        175.965
        228.181
        280.900
        307.904
        303.664
        306.119
        268.982
        129.983
        204.340
        110.701
        121.088
        126.234
        140.092
         61.351
         55.171
        138.348
        107.149
         75.343
        144.297
        163.524
         66.043
         33.445
         32.503
        143.465
        156.436
        209.723
        347.198
        123.120
        239.984
        317.187
        185.063
        137.592
         38.214
         27.374
        141.453
         38.904
         17.165
        170.820
         63.363
         44.484
         20.958
         16.507
         14.304
         34.071
         38.354
         42.044
         43.957
         42.890
         48.859
        142.106
        219.085
        115.420
        127.134
         95.757
         52.380
         87.418
        125.696
        121.063
         54.966
         53.338
         69.085
         90.802
         83.760
         81.104
        155.842
        148.997
        199.594
         71.856
        144.086
        132.908
        222.558
        149.733
         41.096
         54.519
         69.679
        132.184
         73.151
         34.301
         59.548
        143.565
        139.044
        257.865
        398.327
        237.408
        180.270
        110.335
         35.297
         23.740
         16.486
         14.204
         12.939
         12.507
         12.692
         11.196
         11.113
         11.419
         11.218
         11.593
         13.619
         76.308
         84.700
         69.098
         81.116
         52.006
         58.538
         57.375
         39.645
         89.880
        112.189
        116.242
         69.798
         67.236
         53.394
         56.339
         84.735
         60.907
         81.196
         48.314
         55.322
         62.534
         67.682
        174.323
         74.085
         17.644
         90.311
         96.054
         52.561
        359.440
        185.016
         66.318
        150.754
        276.965
        101.751
         62.962
         35.701
         14.787
         12.387
         12.811
         11.946
         12.627
