         156           2
      1    1      0.1028
      1    2     -0.1028
      2    1      0.0571
      2    2     -0.0571
      3    1     -0.1028
      3    2      0.1028
      4    1     -0.1028
      4    2      0.1028
      5    1      0.0000
      5    2      0.0000
      6    1     -0.1028
      6    2      0.1028
      7    1      0.0000
      7    2      0.0000
      8    1      0.0457
      8    2     -0.0457
      9    1     -0.0457
      9    2      0.0457
     10    1      0.0000
     10    2      0.0000
     11    1     -0.0457
     11    2      0.0457
     12    1      0.0000
     12    2      0.0000
     13    1      0.0000
     13    2      0.0000
     14    1     -0.0457
     14    2      0.0457
     15    1      0.0457
     15    2     -0.0457
     16    1     -0.0571
     16    2      0.0571
     17    1      0.0182
     17    2     -0.0182
     18    1      0.0000
     18    2      0.0000
     19    1      1.1896
     19    2     -1.1896
     20    1      0.0000
     20    2      0.0000
     21    1      0.3012
     21    2     -0.3012
     22    1      1.1575
     22    2     -1.1575
     23    1      0.0000
     23    2      0.0000
     24    1     -0.3988
     24    2      0.3988
     25    1     -0.0946
     25    2      0.0946
     26    1      0.0000
     26    2      0.0000
     27    1     -0.0946
     27    2      0.0946
     28    1     -0.0946
     28    2      0.0946
     29    1      0.0000
     29    2      0.0000
     30    1     -0.0236
     30    2      0.0236
     31    1      0.0000
     31    2      0.0000
     32    1      0.0236
     32    2     -0.0236
     33    1     -0.0946
     33    2      0.0946
     34    1     -0.0946
     34    2      0.0946
     35    1     -0.0236
     35    2      0.0236
     36    1     -0.0709
     36    2      0.0709
     37    1      0.0946
     37    2     -0.0946
     38    1     -0.0946
     38    2      0.0946
     39    1      0.0236
     39    2     -0.0236
     40    1      0.2766
     40    2     -0.2766
     41    1      0.0116
     41    2     -0.0116
     42    1      0.0815
     42    2     -0.0815
     43    1     -0.1023
     43    2      0.1023
     44    1      0.0000
     44    2      0.0000
     45    1      0.0193
     45    2     -0.0193
     46    1     -0.0771
     46    2      0.0771
     47    1     -0.0771
     47    2      0.0771
     48    1     -0.1880
     48    2      0.1880
     49    1     -0.0918
     49    2      0.0918
     50    1      0.0000
     50    2      0.0000
     51    1      0.3713
     51    2     -0.3713
     52    1      0.0964
     52    2     -0.0964
     53    1      1.2727
     53    2     -1.2727
     54    1     -0.0428
     54    2      0.0428
     55    1     -0.0964
     55    2      0.0964
     56    1      0.0964
     56    2     -0.0964
     57    1      0.0535
     57    2     -0.0535
     58    1      0.0000
     58    2      0.0000
     59    1     -0.0428
     59    2      0.0428
     60    1      0.0428
     60    2     -0.0428
     61    1     -0.0535
     61    2      0.0535
     62    1      0.0000
     62    2      0.0000
     63    1     -0.0428
     63    2      0.0428
     64    1      0.0000
     64    2      0.0000
     65    1      0.0428
     65    2     -0.0428
     66    1      0.0428
     66    2     -0.0428
     67    1      0.0964
     67    2     -0.0964
     68    1      0.0000
     68    2      0.0000
     69    1      0.0000
     69    2      0.0000
     70    1      0.0000
     70    2      0.0000
     71    1      0.0000
     71    2      0.0000
     72    1     -0.4059
     72    2      0.4059
     73    1      0.3518
     73    2     -0.3518
     74    1      0.5105
     74    2     -0.5105
     75    1      0.0586
     75    2     -0.0586
     76    1      0.0000
     76    2      0.0000
     77    1      0.0227
     77    2     -0.0227
     78    1      0.0681
     78    2     -0.0681
     79    1      0.0681
     79    2     -0.0681
     80    1      0.0227
     80    2     -0.0227
     81    1      0.0000
     81    2      0.0000
     82    1      0.0227
     82    2     -0.0227
     83    1     -0.0908
     83    2      0.0908
     84    1      0.0681
     84    2     -0.0681
     85    1      0.0681
     85    2     -0.0681
     86    1      0.0000
     86    2      0.0000
     87    1     -0.0908
     87    2      0.0908
     88    1     -0.0681
     88    2      0.0681
     89    1      0.0681
     89    2     -0.0681
     90    1      0.0681
     90    2     -0.0681
     91    1      0.0000
     91    2      0.0000
     92    1     -0.2568
     92    2      0.2568
     93    1      0.0756
     93    2     -0.0756
     94    1      0.0864
     94    2     -0.0864
     95    1      0.0000
     95    2      0.0000
     96    1      0.0178
     96    2     -0.0178
     97    1     -0.0891
     97    2      0.0891
     98    1      0.0000
     98    2      0.0000
     99    1      0.0713
     99    2     -0.0713
    100    1     -0.1781
    100    2      0.1781
    101    1     -0.0749
    101    2      0.0749
    102    1      0.0749
    102    2     -0.0749
    103    1      0.1852
    103    2     -0.1852
    104    1      0.0000
    104    2      0.0000
    105    1      1.2605
    105    2     -1.2605
    106    1     -0.0424
    106    2      0.0424
    107    1      0.0955
    107    2     -0.0955
    108    1      0.0000
    108    2      0.0000
    109    1      0.0424
    109    2     -0.0424
    110    1      0.0955
    110    2     -0.0955
    111    1     -0.0530
    111    2      0.0530
    112    1     -0.0530
    112    2      0.0530
    113    1     -0.0530
    113    2      0.0530
    114    1      0.0955
    114    2     -0.0955
    115    1      0.0955
    115    2     -0.0955
    116    1      0.0000
    116    2      0.0000
    117    1     -0.0955
    117    2      0.0955
    118    1      0.0424
    118    2     -0.0424
    119    1      0.0000
    119    2      0.0000
    120    1      0.0530
    120    2     -0.0530
    121    1      0.0000
    121    2      0.0000
    122    1     -0.0057
    122    2      0.0057
    123    1      0.0020
    123    2     -0.0020
    124    1      0.4461
    124    2     -0.4461
    125    1      0.0000
    125    2      0.0000
    126    1     -1.2047
    126    2      1.2047
    127    1     -0.0413
    127    2      0.0413
    128    1      1.3019
    128    2     -1.3019
    129    1      0.0982
    129    2     -0.0982
    130    1      0.0737
    130    2     -0.0737
    131    1      0.0000
    131    2      0.0000
    132    1      0.0982
    132    2     -0.0982
    133    1      0.0737
    133    2     -0.0737
    134    1     -0.0737
    134    2      0.0737
    135    1     -0.0737
    135    2      0.0737
    136    1     -0.0246
    136    2      0.0246
    137    1     -0.0982
    137    2      0.0982
    138    1     -0.0737
    138    2      0.0737
    139    1      0.0000
    139    2      0.0000
    140    1      0.0000
    140    2      0.0000
    141    1      0.0000
    141    2      0.0000
    142    1     -0.0246
    142    2      0.0246
    143    1      0.0737
    143    2     -0.0737
    144    1      0.2715
    144    2     -0.2715
    145    1      0.0799
    145    2     -0.0799
    146    1      0.0000
    146    2      0.0000
    147    1      0.0978
    147    2     -0.0978
    148    1      0.0000
    148    2      0.0000
    149    1      0.0934
    149    2     -0.0934
    150    1      0.0934
    150    2     -0.0934
    151    1     -0.0748
    151    2      0.0748
    152    1      0.0573
    152    2     -0.0573
    153    1     -0.0937
    153    2      0.0937
    154    1      0.0129
    154    2     -0.0129
    155    1      0.4023
    155    2     -0.4023
    156    1     -0.0457
    156    2      0.0457
